((("buffer-list" .
   [1 0 0 0 0 0 0 0 0 0 0])
  ("get-buffer" .
   [1 0 0 0 0 0 0 0 0 0])
  ("member" .
   [1 0 0 0 0 0])
  ("unless" .
   [1 0 0 0 0 0])
  ("after-save-hook" .
   [1 0 0 0 0 0 0 0 0 0 0 0 0 0 0])
  ("nil" .
   [1 0 0])
  ("my-make-scratch" .
   [0 0 0 0 1 0 0 0 1 0 0 0 0 0 0])
  ("buffer-name" .
   [1 0 0 0 0 0 0 0 0 0 0])
  ("string=" .
   [1 0 0 0 0 0 0])
  ("lambda" .
   [2 0 0 0 0 0])
  ("kill-buffer-query-functions" .
   [0 0 0 0 0 0 0 0 0 0 0 0 0 0 0 0 0 0 0 0 0 0 1 0 0 0 0])
  ("add-hook" .
   [2 0 0 0 0 0 0 0])
  ("message" .
   [2 0 0 0 0 0 0])
  ("cond" .
   [3 0 0 0])
  ("switch-to-buffer" .
   [1 0 0 0 0 0 0 0 0 0 0 0 0 0 0 0])
  ("arg" .
   [4 0 0])
  ("insert" .
   [1 0 0 0 0 0])
  ("inhibit-startup-message" .
   [1 0 0 0 0 0 0 0 0 0 0 0 0 0 0 0 0 0 0 0 0 0 0])
  ("initial-scratch-message" .
   [1 0 0 0 0 0 0 0 0 0 0 1 0 0 0 0 0 0 0 0 0 0 0])
  ("and" .
   [1 0 0])
  ("erase-buffer" .
   [1 0 0 0 0 0 0 0 0 0 0 0])
  ("initial-major-mode" .
   [1 0 0 0 0 0 0 0 0 0 0 0 0 0 0 0 0 0])
  ("funcall" .
   [1 0 0 0 0 0 0])
  ("get-buffer-create" .
   [1 0 0 0 0 0 0 0 0 0 0 0 0 0 0 0 0])
  ("set-buffer" .
   [1 0 0 0 0 0 0 0 0 0])
  ("progn" .
   [3 0 0 0 0])
  ("&optional" .
   [1 0 0 0 0 0 0 0 0])
  ("selected-window" .
   [1 0 0 0 0 0 0 0 0 0 0 0 0 0 0])
  ("w2" .
   [1 0])
  ("exec-path" .
   [1 0 0 0 0 0 0 0 0])
  ("small" .
   [1 0 0 0 0])
  ("package-initialize" .
   [1 0 0 0 0 0 0 0 0 0 0 0 0 0 0 0 0 0])
  ("emacs-major-version" .
   [1 0 0 0 0 0 0 0 0 0 0 0 0 0 0 0 0 0 0])
  ("when" .
   [2 0 0 0])
  ("package-archives" .
   [2 0 0 0 0 0 0 0 0 0 0 0 0 0 0 0])
  ("add-to-list" .
   [3 0 0 0 0 0 0 0 0 0 0])
  ("package" .
   [1 0 0 0 0 0 0])
  ("require" .
   [1 0 0 0 0 0 0])
  ("html_body" .
   [1 0 0 0 0 0 0 0 0])
  ("now" .
   [7 0 0])
  ("datetime" .
   [2 0 0 0 0 0 0 0])
  ("d" .
   [1])
  ("place" .
   [1 0 0 0 0])
  ("label1" .
   [2 0 0 0 0 0])
  ("64" .
   [2 0])
  ("create_text" .
   [1 0 0 0 0 0 0 0 0 0 0])
  ("keyPressed" .
   [1 0 0 0 0 0 0 0 0 0])
  ("bind_all" .
   [1 0 0 0 0 0 0 0])
  ("t" .
   [2])
  ("stable_w" .
   [1 0 0 0 0 0 0 0])
  ("weight" .
   [1 0 0 0 0 0])
  ("EMPTY" .
   [1 0 0 0 0])
  ("getColor" .
   [5 0 0 0 0 0 0 0])
  ("Xmove" .
   [3 0 0 0 0])
  ("corner" .
   [3 0 0 0 0 0])
  ("evalCorner" .
   [1 0 0 0 0 0 0 0 0 0])
  ("cornerstat" .
   [3 0 0 0 0 0 0 0 0 0])
  ("edgestat" .
   [3 0 0 0 0 0 0 0])
  ("idxLeft" .
   [1 0 0 0 0 0 0])
  ("idxRight" .
   [1 0 0 0 0 0 0 0])
  ("idxBottom" .
   [2 0 0 0 0 0 0 0 0])
  ("index" .
   [2 0 0 0 0])
  ("BOARD_SIZE" .
   [0 0 0 1 0 0 0 0 0 0])
  ("idxTop" .
   [1 0 0 0 0 0])
  ("Weight" .
   [1 0 0 0 0 0])
  ("line" .
   [1 0 0 0])
  ("EdgeTable" .
   [3 0 0 0 0 0 0 0 0])
  ("CornerParam" .
   [0 0 0 0 0 0 1 1 0 0 0])
  ("CornerStat" .
   [3 0 0 0 0 0 0 0 0 1])
  ("data" .
   [7 0 0 0])
  ("EdgeStat" .
   [4 0 0 0 0 0 0 0])
  ("EdgeParam" .
   [4 0 0 0 0 0 0 0 0])
  ("edgeP" .
   [4 0 0 0 0])
  ("Cmove" .
   [4 0 0 0 0])
  ("mountain" .
   [4 0 0 0 0 0 0 0])
  ("wing" .
   [4 0 0 0])
  ("stable" .
   [7 0 0 0 0 0])
  ("src" .
   [4 0 0])
  ("add" .
   [5 0 0])
  ("counDisc" .
   [0 0 0 0 1 0 0 0])
  ("get" .
   [13 0 0])
  ("MidEvaluator" .
   [3 0 0 7 2 0 0 0 0 0 0 0])
  ("DRAW" .
   [1 0 0 0])
  ("LOSE" .
   [1 0 0 0])
  ("WIN" .
   [1 0 0])
  ("WLDEvaluator" .
   [0 0 0 3 3 0 0 0 1 0 0 0])
  ("countDisc" .
   [10 0 0 0 0 0 0 0 0])
  ("getCurrentColor" .
   [1 0 0 0 0 0 1 1 0 0 0 0 0 0 0])
  ("discdiff" .
   [5 0 0 0 0 0 0 0])
  ("evaluate" .
   [6 0 0 0 0 0 0 0])
  ("normal_depth" .
   [0 0 0 0 0 0 1 0 0 0 0 0])
  ("Eval" .
   [3 0 0 0])
  ("perfect_dipth" .
   [0 0 0 0 1 0 0 0 0 0 0 0 0])
  ("maxint" .
   [1 0 0 0 0 0])
  ("limit" .
   [2 0 0 0 0])
  ("wld_depth" .
   [0 0 0 1 0 0 0 0 0])
  ("getTurns" .
   [1 0 0 0 0 1 0 0])
  ("MAX_TURNS" .
   [0 0 2 0 0 0 0 0 0])
  ("movables" .
   [1 0 0 0 0 0 0 0])
  ("b" .
   [2])
  ("p" .
   [2])
  ("move" .
   [11 0 0 0])
  ("keysym" .
   [5 0 0 0 0 0])
  ("key_Pressed" .
   [1 0 0 0 0 0 0 0 0 0 0])
  ("1000" .
   [1 0 0 0])
  ("deepcopy" .
   [2 0 0 0 0 0 0 0])
  ("board" .
   [97 0 0 0 0])
  ("occupy" .
   [1 0 0 0 0 0])
  ("movable" .
   [2 0 0 0 0 0 0])
  ("pos" .
   [11 0 0])
  ("board_update" .
   [3 0 0 0 0 0 0 0 0 0 0 0])
  ("cent" .
   [4 0 0 0])
  ("Block" .
   [2 0 0 0 0])
  ("block" .
   [9 0 0 0 0])
  ("drop" .
   [3 0 0 0])
  ("after" .
   [3 0 0 0 0])
  ("put_Tetramino" .
   [1 0 0 0 0 0 2 0 0 0 0 0 0])
  ("show_block" .
   [3 0 0 0 0 0 0 0 0 0])
  ("curf" .
   [3 0 0 0])
  ("rotate" .
   [4 0 0 0 0 0])
  ("cur" .
   [6 0 0])
  ("event" .
   [13 0 0 0 0])
  ("bind" .
   [1 0 0 0])
  ("Tetramino" .
   [1 0 0 0 0 0 0 0 0])
  ("return" .
   [25 0 0 0 0 0])
  ("tetra" .
   [19 0 0 0 0])
  ("kind" .
   [12 0 0 0])
  ("pos_y" .
   [4 0 0 0 0])
  ("pos_x" .
   [3 0 0 0 0])
  ("pass" .
   [15 0 0 0])
  ("fill" .
   [1 0 0 0])
  ("set_color" .
   [9 0 0 0 0 0 0 0 0])
  ("create_rectangle" .
   [2 0 0 0 0 0 0 0 0 0 0 0 0 0 0 0])
  ("elif" .
   [9 0 0 0])
  ("color" .
   [17 0 0 0 0])
  ("sel" .
   [1 0 0])
  ("copy" .
   [5 0 0 0])
  ("append" .
   [4 0 0 0 0 0])
  ("tmp" .
   [7 0 0])
  ("else" .
   [18 0 0 0])
  ("or" .
   [2 0])
  ("11" .
   [6 0])
  ("1" .
   [1])
  ("field_init" .
   [1 0 0 0 0 0 0 0 0 0])
  ("field" .
   [9 0 0 0 0])
  ("Field" .
   [1 0 0 0 0])
  ("relief" .
   [1 0 0 0 0 0])
  ("width" .
   [3 0 0 0 0])
  ("cell" .
   [6 0 0 0])
  ("height" .
   [3 0 0 0 0 0])
  ("20" .
   [9 0])
  ("bd" .
   [2 0])
  ("Canvas" .
   [2 0 0 0 0 0])
  ("pady" .
   [2 0 0 0])
  ("10" .
   [19 0])
  ("padx" .
   [2 0 0 0])
  ("hseconds" .
   [1 0 0 0 0 0 0 0])
  ("set" .
   [17 0 0])
  ("quit" .
   [1 0 0 0])
  ("reset" .
   [1 0 0 0 0])
  ("Stop" .
   [5 0 0 0])
  ("mainloop" .
   [2 0 0 0 0 0 0 0])
  ("Start" .
   [4 0 0 0 0])
  ("command" .
   [1 0 0 0 0 0 0])
  ("text" .
   [4 0 0 0])
  ("Button" .
   [1 0 0 0 0 0])
  ("side" .
   [2 0 0 0])
  ("Tk" .
   [1 0])
  ("root" .
   [4 0 0 0])
  ("__name__" .
   [1 0 0 0 0 0 0 0])
  ("True" .
   [11 0 0 0])
  ("update" .
   [3 0 0 0 0 0])
  ("elapsedtime" .
   [1 0 0 0 0 0 0 0 0 0 0])
  ("not" .
   [7 0 0])
  ("_running" .
   [4 0 0 0 0 0 0 0])
  ("100" .
   [6 0 0])
  ("seconds" .
   [2 0 0 0 0 0 0])
  ("minutes" .
   [3 0 0 0 0 0 0])
  ("60" .
   [3 0])
  ("elap" .
   [3 0 0 0])
  ("int" .
   [8 0 0])
  ("_setTime" .
   [3 0 0 0 0 0 0 0])
  ("_update" .
   [1 0 0 0 0 0 0])
  ("msec" .
   [1 0 0 0])
  ("_start" .
   [3 0 0 0 0 0])
  ("time" .
   [14 0 0 0])
  ("pack" .
   [9 0 0 0])
  ("_elapsedtime" .
   [2 0 1 1 0 2 0 0 0 0 0 0])
  ("timestr" .
   [2 0 0 0 0 0 0])
  ("makeWidgets" .
   [1 0 0 0 0 0 0 0 0 0 0])
  ("False" .
   [7 0 0 0 0])
  ("parent" .
   [3 0 0 0 0 0])
  ("None" .
   [10 0 0 0])
  ("50" .
   [8 0])
  ("Frame" .
   [5 0 0 0 0])
  ("Tkinter" .
   [1 0 0 0 0 0 0])
  ("coding" .
   [1 0 0 0 0 0])
  ("py" .
   [2 0])
  ("sys" .
   [3 0 0])
  ("300" .
   [2 0 0])
  ("sld" .
   [2 0 0])
  ("addWidget" .
   [1 0 0 0 0 0 0 0 0])
  ("lcd" .
   [2 0 0])
  ("vbox" .
   [3 0 0 0])
  ("initUI" .
   [1 0 0 0 0 0])
  ("__init__" .
   [29 0 0 0 0 0 0 0])
  ("self" .
   [417 0 0 0])
  ("Example" .
   [1 0 0 1 0 0 0])
  ("super" .
   [1 0 0 0 0])
  ("class" .
   [24 0 0 0 0])
  ("from" .
   [3 0 0 0])
  ("open" .
   [1 0 0 0])
  ("readline" .
   [2 0 0 0 0 0 0 0])
  ("row" .
   [3 0 0])
  ("reader" .
   [2 0 0 0 0 0])
  ("unicode_csv_reader" .
   [1 0 0 0 0 0 0 0 0 0 0 0 0 0 0 0 0 0])
  ("break" .
   [5 0 0 0 0])
  ("range" .
   [23 0 0 0 0])
  ("in" .
   [20 0])
  ("for" .
   [25 0 0])
  ("print" .
   [43 0 0 0 0])
  ("csv_tab" .
   [1 0 0 0 0 0 0])
  ("excel" .
   [2 0 0 0 0])
  ("dialect" .
   [1 0 0 0 0 0 0])
  ("import" .
   [14 0 0 0 0 0])
  ("as" .
   [2 0])
  ("QtCore" .
   [2 0 0 0 0 0])
  ("PyQt4" .
   [1 0 0 0 0])
  ("QtGui" .
   [9 0 0 0 0])
  ("def" .
   [90 0 0])
  ("main_window" .
   [5 0 0 0 0 0 0 0 0 0 0])
  ("hello_button" .
   [1 0 0 0 0 0 0 0 0 0 0 0])
  ("app" .
   [19 0 0])
  ("if" .
   [39 0])
  ("main" .
   [6 0 0 0])
  ("800" .
   [1 0 0])
  ("threading" .
   [13 0 0 0 0 0 0 0 0])
  ("Thread" .
   [7 0 0 0 0 0])
  ("run" .
   [3 0 0])
  ("while" .
   [3 0 0 0 0])
  ("current_player" .
   [6 0 0 0 0 0 0 0 0 0 0 0 0 0])
  ("Event" .
   [5 0 0 0 0])
  ("wait" .
   [3 0 0 0])
  ("th" .
   [16 0])
  ("ContThread" .
   [5 0 0 0 0 0 0 0 0 0])
  ("setDaemon" .
   [3 0 0 0 0 0 0 0 0])
  ("start" .
   [4 0 0 0 0])
  ("showStatus" .
   [3 0 0 0 0 0 0 0 0 0])
  ("gui_board" .
   [4 0 0 0 0 0 0 0 0])
  ("clear" .
   [3 0 0 0 0])
  ("click_event" .
   [1 0 0 0 0 1 0 0 0 0 3])
  ("onTurn" .
   [4 0 0 0 0 0])
  ("Player" .
   [2 0 0 0 0 0])
  ("getMovablePos" .
   [1 0 0 0 1 0 0 1 0 0 0 0 0])
  ("passTurn" .
   [3 0 0 0 0 0 0 0])
  ("player" .
   [11 0 0 0 0 0])
  ("HumanPlayer" .
   [3 0 0 0 1 0 0 0 0 0 0])
  ("RawBoard" .
   [1 0 0 0 0 0 0 0])
  ("eval" .
   [6 0 0 0])
  ("len" .
   [1 0 0])
  ("Point" .
   [3 0 0 0 0])
  ("simpleAI" .
   [6 0 0 0 0 0 0 0])
  ("AIPlayer" .
   [4 0 1 0 0 0 0 0])
  ("staticmethod" .
   [4 0 0 0 0 1 1 0 0 0 0 0])
  ("sleep" .
   [4 0 0 0 0])
  ("compThread" .
   [1 0 0 0 0 0 0 0 0 0])
  ("comp" .
   [1 0 0 0])
  ("turn" .
   [2 0 0 0])
  ("boardUpdate" .
   [2 0 0 0 0 0 0 0 0 0 0])
  ("showBoard" .
   [2 0 0 0 0 0 0 0 0])
  ("updateBoard" .
   [3 0 0 0 0 0 0 0 0 0 0])
  ("u" .
   [2])
  ("UpdateLog" .
   [1 0 0 0 0 0 0 0 0])
  ("getUpdate" .
   [1 0 0 0 0 0 0 0 0])
  ("BLACK" .
   [13 0 0 0 0])
  ("WHITE" .
   [16 0 0 0 0])
  ("file" .
   [1 0 0 0])
  ("30" .
   [6 0])
  ("img" .
   [1 0 0])
  ("img_b" .
   [1 0 0 0 0])
  ("img_w" .
   [1 0 0 0 0])
  ("create_image" .
   [4 0 0 0 0 0 0 0 0 0 0 0])
  ("image" .
   [4 0 0 0 0])
  ("iBlack" .
   [2 0 0 0 0 0])
  ("iWhite" .
   [2 0 0 0 0 0])
  ("iEmpty" .
   [1 0 0 0 0 0])
  ("432" .
   [2 0 0])
  ("s" .
   [5])
  ("action" .
   [2 0 0 0 0 0])
  ("IntVar" .
   [1 0 0 0 0 0])
  ("605" .
   [1 0 0])
  ("600" .
   [2 0 0])
  ("Label" .
   [4 0 0 0 0])
  ("frame1" .
   [1 0 0 0 0 0])
  ("frame2" .
   [1 0 0 0 0 0])
  ("26" .
   [1 0])
  ("460" .
   [5 0 0])
  ("StringVar" .
   [2 0 0 0 0 0 0 0 0])
  ("textvariable" .
   [0 0 0 0 0 0 0 1 1 0 0 0])
  ("scorevar" .
   [2 0 0 0 0 0 0 0])
  ("font" .
   [5 0 0 0])
  ("helvetica" .
   [1 0 0 0 0 0 0 0 0])
  ("32" .
   [1 0])
  ("bold" .
   [1 0 0 0])
  ("create_window" .
   [5 0 0 0 0 0 0 0 0 0 0 0 0])
  ("window" .
   [5 0 0 0 0 0])
  ("sv" .
   [1 0])
  ("anchor" .
   [6 0 0 0 0 0])
  ("frame" .
   [2 0 0 0 0])
  ("statstr" .
   [6 0 0 0 0 0 0])
  ("450" .
   [3 0 0])
  ("NW" .
   [3 0])
  ("13" .
   [1 0])
  ("105" .
   [1 0 0])
  ("14" .
   [3 0])
  ("12" .
   [1 0])
  ("31" .
   [1 0])
  ("595" .
   [1 0 0])
  ("29" .
   [1 0])
  ("ScrolledText" .
   [0 0 0 0 0 1 0 0 0 0 0 0])
  ("130" .
   [2 0 0])
  ("archFrame" .
   [2 0 0 0 0 0 0 0 0])
  ("arch" .
   [4 0 0 0])
  ("24" .
   [1 0])
  ("action1" .
   [2 0 0 0 0 0 0])
  ("action2" .
   [2 0 0 0 0 0 0])
  ("post" .
   [2 0 0 0])
  ("start_btn" .
   [1 0 0 0 0 0 0 0 0])
  ("global" .
   [3 0 0 0 0 0])
  ("g" .
   [1])
  ("cur_turn" .
   [4 0 0 0 1 0 0 0])
  ("PASS_FLAG" .
   [1 0 1 1 3 0 0 0 0])
  ("TRUE" .
   [1 0 0 0])
  ("pre_turn" .
   [1 0 0 0 1 0 0 0])
  ("buf" .
   [7 0 0])
  ("sw1" .
   [4 0 0])
  ("sw2" .
   [3 0 0])
  ("win" .
   [1 0 0])
  ("a" .
   [1])
  ("Turns" .
   [1 0 0 0 0])
  ("clicked_x" .
   [1 0 0 0 0 0 0 0 0])
  ("str" .
   [1 0 0])
  ("clicked_y" .
   [1 0 0 0 0 0 0 0 0])
  ("raise" .
   [1 0 0 0 0])
  ("Key" .
   [1 0 0])
  ("vbar" .
   [2 0 0 0])
  ("isinstance" .
   [1 0 0 0 0 0 0 0 0 0])
  ("list" .
   [1 0 0 0])
  ("tuple" .
   [1 0 0 0 0])
  ("list_or_tuple" .
   [0 0 0 0 0 0 0 1 0 0 0 0 0])
  ("iter" .
   [1 0 0 0])
  ("sequence" .
   [1 0 0 0 0 0 0 0])
  ("iterators" .
   [2 0 0 0 0 0 0 0 0])
  ("../std_lib_facilities.h" .
   [0 0 0 0 0 0 0 1 0 0 0 0 0 0 0 0 0 0 0 0 0 0 0])
  ("struct" .
   [2 0 0 0 0 0])
  ("void" .
   [1 0 0 0])
  ("const" .
   [3 0 0 0 0])
  ("this" .
   [2 0 0 0])
  ("val" .
   [10 0 0])
  ("out" .
   [5 0 0])
  ("operator" .
   [1 0 0 0 0 0 0 0])
  ("new" .
   [3 0 0])
  ("loc" .
   [5 0 0])
  ("loc2" .
   [2 0 0 0])
  ("copy2" .
   [1 0 0 0 0])
  ("ref_to" .
   [1 0 0 0 0 0])
  ("delete" .
   [4 0 0 0 0 0])
  ("make" .
   [2 0 0 0])
  ("vector" .
   [1 0 0 0 0 0])
  ("setq" .
   [4 0 0 0])
  ("inferior-lisp-program" .
   [1 0 0 0 0 0 0 0 0 0 0 0 0 0 0 0 0 0 0 0 0])
  ("defun" .
   [2 0 0 0 0])
  ("interactive" .
   [2 0 0 0 0 0 0 0 0 0 0])
  ("name" .
   [3 0 0 0])
  ("concat" .
   [1 0 0 0 0 0])
  ("eshell" .
   [1 0 0 0 0 0])
  ("rename-buffer" .
   [1 0 0 0 0 0 0 0 0 0 0 0 0])
  ("define-key" .
   [1 0 0 0 0 0 0 0 0 0])
  ("global-map" .
   [1 0 0 0 0 0 0 0 0 0])
  ("kbd" .
   [1 0 0])
  ("kill-ring-save" .
   [1 0 0 0 0 0 0 0 0 0 0 0 0 0])
  ("質問システムはどう働くか" .
   [0 0 1 0 0 0 0 0 0 0 0 0])
  ("特殊形式以外の合成式である" .
   [0 0 0 0 1 0 0 0 0 0 0 0 0])
  ("組合せを評価するには、部分式を評価し、" .
   [0 0 0 1 0 0 0 0 0 0 0 0 0 0 0 0 0 0 0])
  ("評価する。この環境を構成するには、手続きオブジェクトの環境部分を" .
   [0 0 0 0 1 0 0 0 0 0 0 0 0 0 0 0 0 0 0 0 0 0 0 0 0 0 0 0 0 0 0 0])
  ("define" .
   [2 0 0 0 0 0])
  ("exp" .
   [24 0 0])
  ("env" .
   [9 0 0])
  ("apply" .
   [2 0 0 0 0])
  ("error" .
   [2 0 0 0 0])
  ("Unknown" .
   [2 0 0 0 0 0 0])
  ("--" .
   [2 0])
  ("procedure" .
   [8 0 0 0 0 0 0 0 0])
  ("arguments" .
   [2 0 0 0 0 0 0 0 0])
  ("eval-sequence" .
   [1 0 0 0 0 0 0 0 0 0 0 0 0])))
